dirtyCache=false
sortingAscending=true
sortingColumn=-1
table_col_0=0.017376194
table_col_1=0.66637707
table_col_2=0.11728931
table_col_3=0.21633363
